0.0687047994740302
0
0.326676528599606
0.131410256410256
0
0.15672255095332
0.0226824457593688
0.0226824457593688
0
0.190910585141354
0.132807363576594
0.148668639053254
0.306623931623932
0.0982905982905983
0.0189842209072978
0.335716633793557
0.289119000657462
0.111111111111111
0.352975016436555
0.236768573307035
0.270216962524655
0.317554240631164
0.374424720578567
0.288132807363577
0.117603550295858
0.243343195266272
0.278517422748192
0.349852071005917
0.312294543063774
0.104454306377383
0
0.350838264299803
0.156065088757396
0.294789612097304
0.242028270874425
0.328073635765943
0.108892176199868
0.212689020381328
0.220907297830375
0.236357659434583
0.180226824457594
0.275230111768573
0.245479947403024
0.239069690992768
0.0440499671268901
0.352728468113084
0.374671268902038
0
0.240959894806049
0.0798816568047338
0.236932938856016
0
0
0.130095332018409
0.265696909927679
0.307117028270874
0.36267258382643
0.251890203813281
0.264217619986851
0.268162393162393
0.288379355687048
0.359960552268245
0.311390532544379
0.16904996712689
0.271860618014464
0.293803418803419
0.222140039447732
0.27457264957265
0.183842866535174
0.265285996055227
0.151627218934911
0.080292570677186
0.268244575936884
0.312047994740302
0.0226824457593688
0.320184089414859
0.339497041420118
0.278517422748192
0.0203813280736358
0.289201183431953
0.289529914529915
0.229454306377383
0.282955292570677
0.3293063773833
0.253122945430638
0.323389217619987
0.114809335963182
0.318458251150559
0.351002629848784
0.0584319526627218
0.337524654832347
0
0
0.342126890203813
0.159188034188034
0.325115055884287
0.340894148586456
0.27465483234714
0.25534188034188
0.315253122945431
0.313856015779093
0.0706771860618014
0.315499671268902
0.0189842209072978
0.236357659434583
0.351331360946746
0.359960552268245
0
0.288625904010519
0.0156969099276791
0.138477975016437
0.247781065088757
0.37146614069691
0.340154503616042
0.303418803418803
0.263560157790927
0.0226824457593688
0.374753451676529
0.369575936883629
0.300049309664694
0.219674556213018
0
0.325115055884287
0.389792899408284
0.314513477975016
0.312294543063774
0
0.280736357659434
0.319937541091387
0.017422748191979
0.350098619329389
0.3293063773833
0.29758382642998
0.359960552268245
0.273175542406312
0.359960552268245
0.309582511505588
0.372781065088757
0.319444444444444
0.331278763971072
0.280736357659434
0.351002629848784
0.280736357659434
0.309582511505588
0.359960552268245
0.163132807363577
0.309582511505588
0.203073635765944
0.039447731755424
0.394888231426693
0.280736357659434
0.359960552268245
0.226577909270217
0.339168310322156
0.275805391190007
0.309582511505588
0.359960552268245
0.30103550295858
0.354700854700855
0.280736357659434
0.280736357659434
0.289201183431953
0.271614069690993
0.359960552268245
0.303665351742275
0.309582511505588
0.359960552268245
0
0.304404996712689
0.330046022353715
0.280736357659434
0.389792899408284
0.264957264957265
0.297748191978961
0.315253122945431
0.303665351742275
0.309582511505588
0.339497041420118
0.309582511505588
0.309582511505588
0.271449704142012
0.389792899408284
0.309582511505588
0.283941485864563
0.304404996712689
0.315253122945431
0.302186061801446
0.37146614069691
0.0189842209072978
0.328155818540434
0.309582511505588
0.315253122945431
0.118261012491782
0.309582511505588
0.304404996712689
0.245479947403024
0.309582511505588
0.309582511505588
0.304404996712689
0.359960552268245
0.315499671268902
0.283941485864563
0.359960552268245
0.37146614069691
0.309582511505588
0.309582511505588
0.358234714003945
0.37146614069691
0.309582511505588
0.309582511505588
0.309582511505588
0.389792899408284
0.283941485864563
0.315253122945431
0.359960552268245
0.37146614069691
0.309582511505588
0.332593688362919
0.334237343852728
0.37146614069691
0.309582511505588
0.309582511505588
0.371794871794872
0.309582511505588
0.359960552268245
0.280736357659434
0.37146614069691
0.37146614069691
0.315253122945431
0.37146614069691
0.37146614069691
0.309582511505588
0.199621959237344
0.37146614069691
0.358892176199868
0.280736357659434
0.309582511505588
0.37146614069691
0.37146614069691
0.309582511505588
0.304404996712689
0.387491781722551
0.354947403024326
0.280736357659434
0.309582511505588
0.37146614069691
0.371794871794872
0.309582511505588
0.37146614069691
0.37146614069691
0.209976988823143
0.37146614069691
0.335223537146614
0.319444444444445
0.309582511505588
0.37146614069691
0.37146614069691
0.343606180144642
0.309582511505588
0.37146614069691
0.37146614069691
0.309582511505588
0.356919789612097
0.0627876397107167
0.315253122945431
0.280736357659434
0.354947403024326
0.32043063773833
0.389792899408284
0.309582511505588
0.37146614069691
0.37146614069691
0.309582511505588
0.359960552268245
0.387491781722551
0.309582511505588
0.309582511505588
0.37146614069691
0.37146614069691
0.37146614069691
0.359960552268245
0.3293063773833
0.37146614069691
0.387491781722551
0.309582511505588
0.37146614069691
0.37146614069691
0.368261012491782
0.309582511505588
0.216962524654832
0.37146614069691
0.37146614069691
0.309582511505588
0.37146614069691
0.37146614069691
0.309582511505588
0.371794871794872
0.37146614069691
0.37146614069691
0.333004602235371
0.37146614069691
0.37146614069691
0.309582511505588
0.37146614069691
0.3293063773833
0.37146614069691
0.37146614069691
0.280736357659434
0.37146614069691
0.309582511505588
0.309582511505588
0.37146614069691
0.309582511505588
0.37146614069691
0.37146614069691
0.36974030243261
0.37146614069691
0.309582511505588
0.37146614069691
0.37146614069691
0.309582511505588
0.37146614069691
0.37146614069691
0.37146614069691
0
0.371794871794872
0.358234714003945
0.334237343852728
0.37146614069691
0.309582511505588
0.371794871794872
0.280736357659434
0.37146614069691
0.309582511505588
0.37146614069691
0.37146614069691
0.37146614069691
0.356919789612097
0.309582511505588
0.371794871794872
0.389792899408284
0.37146614069691
0.37146614069691
0.37146614069691
0.37146614069691
0.371794871794872
0.372781065088757
0.37146614069691
0.359960552268245
0.37146614069691
0.37146614069691
0.37146614069691
0.37146614069691
0.37146614069691
0.309582511505588
